---------------
Median
---------------
>> median(nonzeros(d_NNLS(:,:,1)))

ans =

   0.001185302047851

>> median(nonzeros(f_NNLS(:,:,1)))

ans =

  69.350885760083983

>> median(nonzeros(d_NNLS(:,:,2)))

ans =

   0.007177956147793

>> median(nonzeros(f_NNLS(:,:,2)))

ans =

  24.883471005361891

>> median(nonzeros(d_NNLS(:,:,3)))

ans =

   0.130445744440856

>> median(nonzeros(f_NNLS(:,:,3)))

ans =

   9.273139099216937

>> median(nonzeros(d_NNLS(:,:,4)))

ans =

   0.164024647626937

>> median(nonzeros(f_NNLS(:,:,4)))

ans =

   8.419502950174854


---------------
Mean
---------------
 
>> mean(nonzeros(d_NNLS(:,:,1)))

ans =

   0.001493980309436

>> mean(nonzeros(f_NNLS(:,:,1)))

ans =

  67.947932066005706

>> mean(nonzeros(d_NNLS(:,:,2)))

ans =

   0.015668041693783

>> mean(nonzeros(f_NNLS(:,:,2)))

ans =

  26.844939131123329

>> mean(nonzeros(d_NNLS(:,:,3)))

ans =

   0.117087414999519

>> mean(nonzeros(f_NNLS(:,:,3)))

ans =

   8.490653406415944

>> mean(nonzeros(d_NNLS(:,:,4)))

ans =

   0.153133778690645

>> mean(nonzeros(f_NNLS(:,:,4)))

ans =

   7.742659057214648